,f,e,d,c,b,a,h,g
f,1.17,2.98,2.45,2.56,2.75,2.65,0.77,0.98
e,2.14,1.17,3.07,2.76,2.9,2.98,1.1,1.07
d,3.13,3.18,1.19,2.57,2.65,2.36,0.96,0.67
c,3.05,2.8,2.15,1.21,2.9,3.14,1.01,1.11
b,4.08,4.03,3.63,2.59,1.22,3.83,1.41,1.43
a,5.47,6.49,4.5,4.49,3.26,1.23,1.65,1.62
h,8.06,8.47,7.38,7.05,6.85,6.52,2.04,2.55
g,10.77,10.38,9.66,9.29,8.54,8.89,2.49,2.15
