,f,e,d,c,b,a,h,g
f,10.65,0.73,0.48,0.51,0.48,0.48,0.8,0.8
e,0.48,12.63,0.7,0.55,0.47,0.54,0.97,0.75
d,0.59,0.47,9.39,0.68,0.52,0.55,0.9,0.88
c,0.47,0.43,0.5,10.72,0.87,0.49,0.87,0.85
b,0.5,0.41,0.52,0.54,11.18,0.79,0.84,1.0
a,0.5,0.46,0.55,0.5,0.48,16.37,1.11,0.99
h,1.1,0.73,0.86,0.79,0.86,0.71,2.81,2.0
g,0.94,0.74,1.22,0.78,0.9,0.94,1.54,3.68
