,e,c,f,d,b,a,h,g
e,0.01,0.03,0.02,0.03,0.04,0.04,0.06,0.07
c,0.03,0.01,0.03,0.02,0.03,0.05,0.06,0.07
f,0.03,0.02,0.01,0.03,0.03,0.04,0.04,0.06
d,0.02,0.03,0.02,0.01,0.03,0.04,0.04,0.04
b,0.02,0.01,0.02,0.02,0.01,0.03,0.03,0.05
a,0.01,0.01,0.01,0.01,,,0.01,0.01
h,,,,,,,,
g,,,,,,,,
