,f,e,d,c,b,a,h,g
f,2.02,1.2,0.99,0.91,0.85,0.64,1.59,1.35
e,1.02,2.12,1.3,1.08,0.92,0.78,1.74,1.41
d,1.08,0.86,2.12,1.35,0.98,0.75,1.63,1.6
c,0.99,0.71,0.93,2.12,1.25,0.75,1.61,1.53
b,0.98,0.8,1.0,0.9,2.28,1.18,1.64,1.57
a,1.04,0.81,1.13,1.05,0.84,2.63,1.67,1.4
h,1.37,0.89,1.11,1.18,1.08,0.84,2.32,2.33
g,1.28,0.94,1.41,1.12,1.06,0.9,1.85,2.45
