,f,e,d,c,b,a,h,g
f,0.71,1.83,1.38,1.49,1.46,1.33,0.57,0.73
e,1.3,0.7,1.69,1.54,1.51,1.45,0.91,0.76
d,1.6,1.44,0.71,1.52,1.5,1.38,0.8,0.6
c,1.51,1.56,1.26,0.7,1.6,1.39,0.77,0.88
b,1.69,1.79,1.62,1.23,0.69,1.64,0.87,0.81
a,2.15,2.06,1.84,1.87,1.44,0.63,1.01,0.89
h,2.2,1.75,1.65,1.78,1.67,1.53,0.76,1.11
g,2.12,2.23,2.08,1.91,1.78,1.82,0.84,0.71
