,e,f,d,c,b,a,h,g
e,0.96,0.8,0.93,0.83,0.76,0.56,0.58,0.53
f,0.92,0.96,0.81,0.77,0.7,0.54,0.56,0.49
d,0.81,0.83,0.96,0.91,0.74,0.57,0.6,0.5
c,0.77,0.79,0.77,0.96,0.88,0.59,0.6,0.5
b,0.84,0.86,0.86,0.79,0.94,0.75,0.63,0.5
a,0.91,1.01,0.93,0.94,0.78,0.93,0.73,0.58
h,1.12,1.21,1.11,1.04,0.96,0.75,0.84,0.82
g,1.11,1.26,1.31,1.16,1.09,0.82,0.83,0.8
