,f,d,e,c,b,a,h,g
f,0.48,0.94,1.1,0.94,0.98,0.88,0.27,0.39
d,1.1,0.48,1.07,0.92,0.97,0.89,0.32,0.25
e,0.8,1.1,0.46,1.05,1.07,1.05,0.43,0.4
c,1.14,0.77,0.98,0.47,0.98,0.99,0.37,0.35
b,1.18,1.09,1.3,0.79,0.45,1.03,0.41,0.4
a,1.37,1.33,1.45,1.19,0.93,0.38,0.47,0.45
h,1.56,1.49,1.68,1.45,1.39,1.35,0.43,0.52
g,1.89,1.52,1.86,1.57,1.56,1.47,0.44,0.41
